24627472 24627474
24627476 24627478
24627480 24627482
24627484 24627486
24627488 24627490
24627492 24627494
24627496 24627498
24627500 24627502
24627504 24627506
24627508 24627510
24627512 24627514
24627516 24627518
24627520 24627522
24627524 24627526
24627528 24627530
24627532 24627534
24627536 24627538
24627540 24627542
24627544 24627546
24627548 24627550
24627552 24627554
24627556 24627558
24627560 24627562
24627564 24627566
24627568 24627570
24627572 24627574
24627576 24627578
24627580 24627582
24627584 24627586
24627588 24627590
24627592 24627594
24627596 24627598
24627600 24627602
24627604 24627606
24627608 24627610
24627612 24627614
24627616 24627618
24627620 24627622
24627624 24627626
24627628 24627630
24627632 24627634
24627636 24627638
24627640 24627642
24627644 24627646
24627648 24627650
24627652 24627654
24627656 24627658
24627660 24627662
24627664 24627666
24627668 24627670
24627672 24627674
24627676 24627678
24627680 24627682
24627684 24627686
24627688 24627690
24627692 24627694
24627696 24627698
24627700 24627702
24627704 24627706
24627708 24627710
24627712 24627714
24627716 24627718
24627720 24627722
24627724 24627726
24627728 24627730
24627732 24627734
24627736 24627738
24627740 24627742
24627744 24627746
24627748 24627750
24627752 24627754
24627756 24627758
24627760 24627762
24627764 24627766
24627768 24627770
24627772 24627774
24627776 24627778
24627780 24627782
24627784 24627786
24627788 24627790
24627792 24627794
24627796 24627798
24627800 24627802
24627804 24627806
24627808 24627810
24627812 24627814
24627816 24627818
24627820 24627822
24627824 24627826
24627828 24627830
24627832 24627834
24627836 24627838
24627840 24627842
24627844 24627846
24627848 24627850
24627852 24627854
24627856 24627858
24627860 24627862
24627864 24627866
24627868 24627870
24627872 24627874
24627876 24627878
24627880 24627882
24627884 24627886
24627888 24627890
24627892 24627894
24627896 24627898
24627900 24627902
24627904 24627906
24627908 24627910
24627912 24627914
24627916 24627918
24627920 24627922
24627924 24627926
24627928 24627930
24627932 24627934
24627936 24627938
24627940 24627942
24627944 24627946
24627948 24627950
24627952 24627954
24627956 24627958
24627960 24627962
24627964 24627966
24627968 24627970
24627972 24627974
24627976 24627978
24627980 24627982
24627984 24627986
24627988 24627990
24627992 24627994
24627996 24627998
24628000 24628002
24628004 24628006
24628008 24628010
24628012 24628014
24628016 24628018
24628020 24628022
24628024 24628026
24628028 24628030
24628032 24628034
24628036 24628038
24628040 24628042
24628044 24628046
24628048 24628050
24628052 24628054
24628056 24628058
24628060 24628062
24628064 24628066
24628068 24628070
24628072 24628074
24628076 24628078
24628080 24628082
24628084 24628086
24628088 24628090
24628092 24628094
24628096 24628098
24628100 24628102
24628104 24628106
24628108 24628110
24628112 24628114
24628116 24628118
24628120 24628122
24628124 24628126
24628128 24628130
24628132 24628134
24628136 24628138
24628140 24628142
24628144 24628146
24628148 24628150
24628152 24628154
24628156 24628158
24628160 24628162
24628164 24628166
24628168 24628170
24628172 24628174
24628176 24628178
24628180 24628182
24628184 24628186
24628188 24628190
24628192 24628194
24628196 24628198
24628200 24628202
24628204 24628206
24628208 24628210
24628212 24628214
24628216 24628218
24628220 24628222
24628224 24628226
24628228 24628230
24628232 24628234
24628236 24628238
24628240 24628242
24628244 24628246
24628248 24628250
24628252 24628254
24628256 24628258
24628260 24628262
24628264 24628266
24628268 24628270
24628272 24628274
24628276 24628278
24628280 24628282
24628284 24628286
24628288 24628290
24628292 24628294
24628296 24628298
24628300 24628302
24628304 24628306
24628308 24628310
24628312 24628314
24628316 24628318
24628320 24628322
24628324 24628326
24628328 24628330
24628332 24628334
24628336 24628338
24628340 24628342
24628344 24628346
24628348 24628350
24628352 24628354
24628356 24628358
24628360 24628362
24628364 24628366
24628368 24628370
24628372 24628374
24628376 24628378
24628380 24628382
24628384 24628386
24628388 24628390
24628392 24628394
24628396 24628398
24628400 24628402
24628404 24628406
24628408 24628410
24628412 24628414
24628416 24628418
24628420 24628422
24628424 24628426
24628428 24628430
24628432 24628434
24628436 24628438
24628440 24628442
24628444 24628446
24628448 24628450
24628452 24628454
24628456 24628458
24628460 24628462
24628464 24628466
24628468 24628470
24628472 24628474
24628476 24628478
24628480 24628482
24628484 24628486
24628488 24628490
24628492 24628494
24628496 24628498
24628500 24628502
24628504 24628506
24628508 24628510
24628512 24628514
24628516 24628518
24628520 24628522
24628524 24628526
24628528 24628530
24628532 24628534
24628536 24628538
24628540 24628542
24628544 24628546
24628548 24628550
24628552 24628554
24628556 24628558
24628560 24628562
24628564 24628566
24628568 24628570
24628572 24628574
24628576 24628578
24628580 24628582
24628584 24628586
24628588 24628590
24628592 24628594
24628596 24628598
24628600 24628602
24628604 24628606
24628608 24628610
24628612 24628614
24628616 24628618
24628620 24628622
24628624 24628626
24628628 24628630
24628632 24628634
24628636 24628638
24628640 24628642
24628644 24628646
24628648 24628650
24628652 24628654
24628656 24628658
24628660 24628662
24628664 24628666
24628668 24628670
24628672 24628674
24628676 24628678
24628680 24628682
24628684 24628686
24628688 24628690
24628692 24628694
24628696 24628698
24628700 24628702
24628704 24628706
24628708 24628710
24628712 24628714
24628716 24628718
24628720 24628722
24628724 24628726
24628728 24628730
24628732 24628734
24628736 24628738
24628740 24628742
24628744 24628746
24628748 24628750
24628752 24628754
24628756 24628758
24628760 24628762
24628764 24628766
24628768 24628770
24628772 24628774
24628776 24628778
24628780 24628782
24628784 24628786
24628788 24628790
24628792 24628794
24628796 24628798
24628800 24628802
24628804 24628806
24628808 24628810
24628812 24628814
24628816 24628818
24628820 24628822
24628824 24628826
24628828 24628830
24628832 24628834
24628836 24628838
24628840 24628842
24628844 24628846
24628848 24628850
24628852 24628854
24628856 24628858
24628860 24628862
24628864 24628866
24628868 24628870
24628872 24628874
24628876 24628878
24628880 24628882
24628884 24628886
24628888 24628890
24628892 24628894
24628896 24628898
24628900 24628902
24628904 24628906
24628908 24628910
24628912 24628914
24628916 24628918
24628920 24628922
24628924 24628926
24628928 24628930
24628932 24628934
24628936 24628938
24628940 24628942
24628944 24628946
24628948 24628950
24628952 24628954
24628956 24628958
24628960 24628962
24628964 24628966
24628968 24628970
24628972 24628974
24628976 24628978
24628980 24628982
24628984 24628986
24628988 24628990
24628992 24628994
24628996 24628998
24629000 24629002
24629004 24629006
24629008 24629010
24629012 24629014
24629016 24629018
24629020 24629022
24629024 24629026
24629028 24629030
24629032 24629034
24629036 24629038
24629040 24629042
24629044 24629046
24629048 24629050
24629052 24629054
24629056 24629058
24629060 24629062
24629064 24629066
24629068 24629070
24629072 24629074
24629076 24629078
24629080 24629082
24629084 24629086
24629088 24629090
24629092 24629094
24629096 24629098
24629100 24629102
24629104 24629106
24629108 24629110
24629112 24629114
24629116 24629118
24629120 24629122
24629124 24629126
24629128 24629130
24629132 24629134
24629136 24629138
24629140 24629142
24629144 24629146
24629148 24629150
24629152 24629154
24629156 24629158
24629160 24629162
24629164 24629166
24629168 24629170
24629172 24629174
24629176 24629178
24629180 24629182
24629184 24629186
24629188 24629190
24629192 24629194
24629196 24629198
24629200 24629202
24629204 24629206
24629208 24629210
24629212 24629214
24629216 24629218
24629220 24629222
24629224 24629226
24629228 24629230
24629232 24629234
24629236 24629238
24629240 24629242
24629244 24629246
24629248 24629250
24629252 24629254
24629256 24629258
24629260 24629262
24629264 24629266
24629268 24629270
24629272 24629274
24629276 24629278
24629280 24629282
24629284 24629286
24629288 24629290
24629292 24629294
24629296 24629298
24629300 24629302
24629304 24629306
24629308 24629310
24629312 24629314
24629316 24629318
24629320 24629322
24629324 24629326
24629328 24629330
24629332 24629334
24629336 24629338
24629340 24629342
24629344 24629346
24629348 24629350
24629352 24629354
24629356 24629358
24629360 24629362
24629364 24629366
24629368 24629370
24629372 24629374
24629376 24629378
24629380 24629382
24629384 24629386
24629388 24629390
24629392 24629394
24629396 24629398
24629400 24629402
24629404 24629406
24629408 24629410
24629412 24629414
24629416 24629418
24629420 24629422
24629424 24629426
24629428 24629430
24629432 24629434
24629436 24629438
24629440 24629442
24629444 24629446
24629448 24629450
24629452 24629454
24629456 24629458
24629460 24629462
24629464 24629466
24629468 24629470
24629472 24629474
24629476 24629478
24629480 24629482
24629484 24629486
24629488 24629490
24629492 24629494
24629496 24629498
24629500 24629502
24629504 24629506
24629508 24629510
24629512 24629514
24629516 24629518
24629520 24629522
24629524 24629526
24629528 24629530
24629532 24629534
24629536 24629538
24629540 24629542
24629544 24629546
24629548 24629550
24629552 24629554
24629556 24629558
24629560 24629562
24629564 24629566
24629568 24629570
24629572 24629574
24629576 24629578
24629580 24629582
24629584 24629586
24629588 24629590
24629592 24629594
24629596 24629598
24629600 24629602
24629604 24629606
24629608 24629610
24629612 24629614
24629616 24629618
24629620 24629622
24629624 24629626
24629628 24629630
24629632 24629634
24629636 24629638
24629640 24629642
24629644 24629646
24629648 24629650
24629652 24629654
24629656 24629658
24629660 24629662
24629664 24629666
24629668 24629670
24629672 24629674
24629676 24629678
24629680 24629682
24629684 24629686
24629688 24629690
24629692 24629694
24629696 24629698
24629700 24629702
24629704 24629706
24629708 24629710
24629712 24629714
24629716 24629718
24629720 24629722
24629724 24629726
24629728 24629730
24629732 24629734
24629736 24629738
24629740 24629742
24629744 24629746
24629748 24629750
24629752 24629754
24629756 24629758
24629760 24629762
24629764 24629766
24629768 24629770
24629772 24629774
24629776 24629778
24629780 24629782
24629784 24629786
24629788 24629790
24629792 24629794
24629796 24629798
24629800 24629802
24629804 24629806
24629808 24629810
24629812 24629814
24629816 24629818
24629820 24629822
24629824 24629826
24629828 24629830
24629832 24629834
24629836 24629838
24629840 24629842
24629844 24629846
24629848 24629850
24629852 24629854
24629856 24629858
24629860 24629862
24629864 24629866
24629868 24629870
24629872 24629874
24629876 24629878
24629880 24629882
24629884 24629886
24629888 24629890
24629892 24629894
24629896 24629898
24629900 24629902
24629904 24629906
24629908 24629910
24629912 24629914
24629916 24629918
24629920 24629922
24629924 24629926
24629928 24629930
24629932 24629934
24629936 24629938
24629940 24629942
24629944 24629946
24629948 24629950
24629952 24629954
24629956 24629958
24629960 24629962
24629964 24629966
24629968 24629970
24629972 24629974
24629976 24629978
24629980 24629982
24629984 24629986
24629988 24629990
24629992 24629994
24629996 24629998
24630000 24630002
24630004 24630006
24630008 24630010
24630012 24630014
24630016 24630018
24630020 24630022
24630024 24630026
24630028 24630030
24630032 24630034
24630036 24630038
24630040 24630042
24630044 24630046
24630048 24630050
24630052 24630054
24630056 24630058
24630060 24630062
24630064 24630066
24630068 24630070
24630072 24630074
24630076 24630078
24630080 24630082
24630084 24630086
24630088 24630090
24630092 24630094
24630096 24630098
24630100 24630102
24630104 24630106
24630108 24630110
24630112 24630114
24630116 24630118
24630120 24630122
24630124 24630126
24630128 24630130
24630132 24630134
24630136 24630138
24630140 24630142
24630144 24630146
24630148 24630150
24630152 24630154
24630156 24630158
24630160 24630162
24630164 24630166
24630168 24630170
24630172 24630174
24630176 24630178
24630180 24630182
24630184 24630186
24630188 24630190
24630192 24630194
24630196 24630198
24630200 24630202
24630204 24630206
24630208 24630210
24630212 24630214
24630216 24630218
24630220 24630222
24630224 24630226
24630228 24630230
24630232 24630234
24630236 24630238
24630240 24630242
24630244 24630246
24630248 24630250
24630252 24630254
24630256 24630258
24630260 24630262
24630264 24630266
24630268 24630270
24630272 24630274
24630276 24630278
24630280 24630282
24630284 24630286
24630288 24630290
24630292 24630294
24630296 24630298
24630300 24630302
24630304 24630306
24630308 24630310
24630312 24630314
24630316 24630318
24630320 24630322
24630324 24630326
24630328 24630330
24630332 24630334
24630336 24630338
24630340 24630342
24630344 24630346
24630348 24630350
24630352 24630354
24630356 24630358
24630360 24630362
24630364 24630366
24630368 24630370
24630372 24630374
24630376 24630378
24630380 24630382
24630384 24630386
24630388 24630390
24630392 24630394
24630396 24630398
24630400 24630402
24630404 24630406
24630408 24630410
24630412 24630414
24630416 24630418
24630420 24630422
24630424 24630426
24630428 24630430
24630432 24630434
24630436 24630438
24630440 24630442
24630444 24630446
24630448 24630450
24630452 24630454
24630456 24630458
24630460 24630462
24630464 24630466
24630468 24630470
24630472 24630474
24630476 24630478
24630480 24630482
24630484 24630486
24630488 24630490
24630492 24630494
24630496 24630498
24630500 24630502
24630504 24630506
24630508 24630510
24630512 24630514
24630516 24630518
24630520 24630522
24630524 24630526
24630528 24630530
24630532 24630534
24630536 24630538
24630540 24630542
24630544 24630546
24630548 24630550
24630552 24630554
24630556 24630558
24630560 24630562
24630564 24630566
24630568 24630570
24630572 24630574
24630576 24630578
24630580 24630582
24630584 24630586
24630588 24630590
24630592 24630594
24630596 24630598
24630600 24630602
24630604 24630606
24630608 24630610
24630612 24630614
24630616 24630618
24630620 24630622
24630624 24630626
24630628 24630630
24630632 24630634
24630636 24630638
24630640 24630642
24630644 24630646
24630648 24630650
24630652 24630654
24630656 24630658
24630660 24630662
24630664 24630666
24630668 24630670
24630672 24630674
24630676 24630678
24630680 24630682
24630684 24630686
24630688 24630690
24630692 24630694
24630696 24630698
24630700 24630702
24630704 24630706
24630708 24630710
24630712 24630714
24630716 24630718
24630720 24630722
24630724 24630726
24630728 24630730
24630732 24630734
24630736 24630738
24630740 24630742
24630744 24630746
24630748 24630750
24630752 24630754
24630756 24630758
24630760 24630762
24630764 24630766
24630768 24630770
24630772 24630774
24630776 24630778
24630780 24630782
24630784 24630786
24630788 24630790
24630792 24630794
24630796 24630798
24630800 24630802
24630804 24630806
24630808 24630810
24630812 24630814
24630816 24630818
24630820 24630822
24630824 24630826
24630828 24630830
24630832 24630834
24630836 24630838
24630840 24630842
24630844 24630846
24630848 24630850
24630852 24630854
24630856 24630858
24630860 24630862
24630864 24630866
24630868 24630870
24630872 24630874
24630876 24630878
24630880 24630882
24630884 24630886
24630888 24630890
24630892 24630894
24630896 24630898
24630900 24630902
24630904 24630906
24630908 24630910
24630912 24630914
24630916 24630918
24630920 24630922
24630924 24630926
24630928 24630930
24630932 24630934
24630936 24630938
24630940 24630942
24630944 24630946
24630948 24630950
24630952 24630954
24630956 24630958
24630960 24630962
24630964 24630966
24630968 24630970
24630972 24630974
24630976 24630978
24630980 24630982
24630984 24630986
24630988 24630990
24630992 24630994
24630996 24630998
24631000 24631002
24631004 24631006
24631008 24631010
24631012 24631014
24631016 24631018
24631020 24631022
24631024 24631026
24631028 24631030
24631032 24631034
24631036 24631038
24631040 24631042
24631044 24631046
24631048 24631050
24631052 24631054
24631056 24631058
24631060 24631062
24631064 24631066
24631068 24631070
24631072 24631074
24631076 24631078
24631080 24631082
24631084 24631086
24631088 24631090
24631092 24631094
24631096 24631098
24631100 24631102
24631104 24631106
24631108 24631110
24631112 24631114
24631116 24631118
24631120 24631122
24631124 24631126
24631128 24631130
24631132 24631134
24631136 24631138
24631140 24631142
24631144 24631146
24631148 24631150
24631152 24631154
24631156 24631158
24631160 24631162
24631164 24631166
24631168 24631170
24631172 24631174
24631176 24631178
24631180 24631182
24631184 24631186
24631188 24631190
24631192 24631194
24631196 24631198
24631200 24631202
24631204 24631206
24631208 24631210
24631212 24631214
24631216 24631218
24631220 24631222
24631224 24631226
24631228 24631230
24631232 24631234
24631236 24631238
24631240 24631242
24631244 24631246
24631248 24631250
24631252 24631254
24631256 24631258
24631260 24631262
24631264 24631266
24631268 24631270
24631272 24631274
24631276 24631278
24631280 24631282
24631284 24631286
24631288 24631290
24631292 24631294
24631296 24631298
24631300 24631302
24631304 24631306
24631308 24631310
24631312 24631314
24631316 24631318
24631320 24631322
24631324 24631326
24631328 24631330
24631332 24631334
24631336 24631338
24631340 24631342
24631344 24631346
24631348 24631350
24631352 24631354
24631356 24631358
24631360 24631362
24631364 24631366
24631368 24631370
24631372 24631374
24631376 24631378
24631380 24631382
24631384 24631386
24631388 24631390
24631392 24631394
24631396 24631398
24631400 24631402
24631404 24631406
24631408 24631410
24631412 24631414
24631416 24631418
24631420 24631422
24631424 24631426
24631428 24631430
24631432 24631434
24631436 24631438
24631440 24631442
24631444 24631446
24631448 24631450
24631452 24631454
24631456 24631458
24631460 24631462
24631464 24631466
24631468 24631470
24631472 24631474
24631476 24631478
24631480 24631482
24631484 24631486
24631488 24631490
24631492 24631494
24631496 24631498
24631500 24631502
24631504 24631506
24631508 24631510
24631512 24631514
24631516 24631518
24631520 24631522
24631524 24631526
24631528 24631530
24631532 24631534
24631536 24631538
24631540 24631542
24631544 24631546
24631548 24631550
24631552 24631554
24631556 24631558
24631560 24631562
24631564 24631566
24631568 24631570
24631572 24631574
24631576 24631578
24631580 24631582
24631584 24631586
24631588 24631590
24631592 24631594
24631596 24631598
24631600 24631602
24631604 24631606
24631608 24631610
24631612 24631614
24631616 24631618
24631620 24631622
24631624 24631626
24631628 24631630
24631632 24631634
24631636 24631638
24631640 24631642
24631644 24631646
24631648 24631650
24631652 24631654
24631656 24631658
24631660 24631662
24631664 24631666
24631668 24631670
24631672 24631674
24631676 24631678
24631680 24631682
24631684 24631686
24631688 24631690
24631692 24631694
24631696 24631698
24631700 24631702
24631704 24631706
24631708 24631710
24631712 24631714
24631716 24631718
24631720 24631722
24631724 24631726
24631728 24631730
24631732 24631734
24631736 24631738
24631740 24631742
24631744 24631746
24631748 24631750
24631752 24631754
24631756 24631758
24631760 24631762
24631764 24631766
24631768 24631770
24631772 24631774
24631776 24631778
24631780 24631782
24631784 24631786
24631788 24631790
24631792 24631794
24631796 24631798
24631800 24631802
24631804 24631806
24631808 24631810
24631812 24631814
24631816 24631818
24631820 24631822
24631824 24631826
24631828 24631830
24631832 24631834
24631836 24631838
24631840 24631842
24631844 24631846
24631848 24631850
24631852 24631854
24631856 24631858
24631860 24631862
24631864 24631866
24631868 24631870
24631872 24631874
24631876 24631878
24631880 24631882
24631884 24631886
24631888 24631890
24631892 24631894
24631896 24631898
24631900 24631902
24631904 24631906
24631908 24631910
24631912 24631914
24631916 24631918
24631920 24631922
24631924 24631926
24631928 24631930
24631932 24631934
24631936 24631938
24631940 24631942
24631944 24631946
24631948 24631950
24631952 24631954
24631956 24631958
24631960 24631962
24631964 24631966
24631968 24631970
24631972 24631974
24631976 24631978
24631980 24631982
24631984 24631986
24631988 24631990
24631992 24631994
24631996 24631998
24632000 24632002
24632004 24632006
24632008 24632010
24632012 24632014
24632016 24632018
24632020 24632022
24632024 24632026
24632028 24632030
24632032 24632034
24632036 24632038
24632040 24632042
24632044 24632046
24632048 24632050
24632052 24632054
24632056 24632058
24632060 24632062
24632064 24632066
24632068 24632070
24632072 24632074
24632076 24632078
24632080 24632082
24632084 24632086
24632088 24632090
24632092 24632094
24632096 24632098
24632100 24632102
24632104 24632106
24632108 24632110
24632112 24632114
24632116 24632118
24632120 24632122
24632124 24632126
24632128 24632130
24632132 24632134
24632136 24632138
24632140 24632142
24632144 24632146
24632148 24632150
24632152 24632154
24632156 24632158
24632160 24632162
24632164 24632166
24632168 24632170
24632172 24632174
24632176 24632178
24632180 24632182
24632184 24632186
24632188 24632190
24632192 24632194
24632196 24632198
24632200 24632202
24632204 24632206
24632208 24632210
24632212 24632214
24632216 24632218
24632220 24632222
24632224 24632226
24632228 24632230
24632232 24632234
24632236 24632238
24632240 24632242
24632244 24632246
24632248 24632250
24632252 24632254
24632256 24632258
24632260 24632262
24632264 24632266
24632268 24632270
24632272 24632274
24632276 24632278
24632280 24632282
24632284 24632286
24632288 24632290
24632292 24632294
24632296 24632298
24632300 24632302
24632304 24632306
24632308 24632310
24632312 24632314
24632316 24632318
24632320 24632322
24632324 24632326
24632328 24632330
24632332 24632334
24632336 24632338
24632340 24632342
24632344 24632346
24632348 24632350
24632352 24632354
24632356 24632358
24632360 24632362
24632364 24632366
24632368 24632370
24632372 24632374
24632376 24632378
24632380 24632382
24632384 24632386
24632388 24632390
24632392 24632394
24632396 24632398
24632400 24632402
24632404 24632406
24632408 24632410
24632412 24632414
24632416 24632418
24632420 24632422
24632424 24632426
24632428 24632430
24632432 24632434
24632436 24632438
24632440 24632442
24632444 24632446
24632448 24632450
24632452 24632454
24632456 24632458
24632460 24632462
24632464 24632466
24632468 24632470
24632472 24632474
24632476 24632478
24632480 24632482
24632484 24632486
24632488 24632490
24632492 24632494
24632496 24632498
24632500 24632502
24632504 24632506
24632508 24632510
24632512 24632514
24632516 24632518
24632520 24632522
24632524 24632526
24632528 24632530
24632532 24632534
24632536 24632538
24632540 24632542
24632544 24632546
24632548 24632550
24632552 24632554
24632556 24632558
24632560 24632562
24632564 24632566
24632568 24632570
24632572 24632574
24632576 24632578
24632580 24632582
24632584 24632586
24632588 24632590
24632592 24632594
24632596 24632598
24632600 24632602
24632604 24632606
24632608 24632610
24632612 24632614
24632616 24632618
24632620 24632622
24632624 24632626
24632628 24632630
24632632 24632634
24632636 24632638
24632640 24632642
24632644 24632646
24632648 24632650
24632652 24632654
24632656 24632658
24632660 24632662
24632664 24632666
24632668 24632670
24632672 24632674
24632676 24632678
24632680 24632682
24632684 24632686
24632688 24632690
24632692 24632694
24632696 24632698
24632700 24632702
24632704 24632706
24632708 24632710
24632712 24632714
24632716 24632718
24632720 24632722
24632724 24632726
24632728 24632730
24632732 24632734
24632736 24632738
24632740 24632742
24632744 24632746
24632748 24632750
24632752 24632754
24632756 24632758
24632760 24632762
24632764 24632766
24632768 24632770
24632772 24632774
24632776 24632778
24632780 24632782
24632784 24632786
24632788 24632790
24632792 24632794
24632796 24632798
24632800 24632802
24632804 24632806
24632808 24632810
24632812 24632814
24632816 24632818
24632820 24632822
24632824 24632826
24632828 24632830
24632832 24632834
24632836 24632838
24632840 24632842
24632844 24632846
24632848 24632850
24632852 24632854
24632856 24632858
24632860 24632862
24632864 24632866
24632868 24632870
24632872 24632874
24632876 24632878
24632880 24632882
24632884 24632886
24632888 24632890
24632892 24632894
24632896 24632898
24632900 24632902
24632904 24632906
24632908 24632910
24632912 24632914
24632916 24632918
24632920 24632922
24632924 24632926
24632928 24632930
24632932 24632934
24632936 24632938
24632940 24632942
24632944 24632946
24632948 24632950
24632952 24632954
24632956 24632958
24632960 24632962
24632964 24632966
24632968 24632970
24632972 24632974
24632976 24632978
24632980 24632982
24632984 24632986
24632988 24632990
24632992 24632994
24632996 24632998
24633000 24633002
24633004 24633006
24633008 24633010
24633012 24633014
24633016 24633018
24633020 24633022
24633024 24633026
24633028 24633030
24633032 24633034
24633036 24633038
24633040 24633042
24633044 24633046
24633048 24633050
24633052 24633054
24633056 24633058
24633060 24633062
24633064 24633066
24633068 24633070
24633072 24633074
24633076 24633078
24633080 24633082
24633084 24633086
24633088 24633090
24633092 24633094
24633096 24633098
24633100 24633102
24633104 24633106
24633108 24633110
24633112 24633114
24633116 24633118
24633120 24633122
24633124 24633126
24633128 24633130
24633132 24633134
24633136 24633138
24633140 24633142
24633144 24633146
24633148 24633150
24633152 24633154
24633156 24633158
24633160 24633162
24633164 24633166
24633168 24633170
24633172 24633174
24633176 24633178
24633180 24633182
24633184 24633186
24633188 24633190
24633192 24633194
24633196 24633198
24633200 24633202
24633204 24633206
24633208 24633210
24633212 24633214
24633216 24633218
24633220 24633222
24633224 24633226
24633228 24633230
24633232 24633234
24633236 24633238
24633240 24633242
24633244 24633246
24633248 24633250
24633252 24633254
24633256 24633258
24633260 24633262
24633264 24633266
24633268 24633270
24633272 24633274
24633276 24633278
24633280 24633282
24633284 24633286
24633288 24633290
24633292 24633294
24633296 24633298
24633300 24633302
24633304 24633306
24633308 24633310
24633312 24633314
24633316 24633318
24633320 24633322
24633324 24633326
24633328 24633330
24633332 24633334
24633336 24633338
24633340 24633342
24633344 24633346
24633348 24633350
24633352 24633354
24633356 24633358
24633360 24633362
24633364 24633366
24633368 24633370
24633372 24633374
24633376 24633378
24633380 24633382
24633384 24633386
24633388 24633390
24633392 24633394
24633396 24633398
24633400 24633402
24633404 24633406
24633408 24633410
24633412 24633414
24633416 24633418
24633420 24633422
24633424 24633426
24633428 24633430
24633432 24633434
24633436 24633438
24633440 24633442
24633444 24633446
24633448 24633450
24633452 24633454
24633456 24633458
24633460 24633462
24633464 24633466
24633468 24633470
24633472 24633474
24633476 24633478
24633480 24633482
24633484 24633486
24633488 24633490
24633492 24633494
24633496 24633498
24633500 24633502
24633504 24633506
24633508 24633510
24633512 24633514
24633516 24633518
24633520 24633522
24633524 24633526
24633528 24633530
24633532 24633534
24633536 24633538
24633540 24633542
24633544 24633546
24633548 24633550
24633552 24633554
24633556 24633558
24633560 24633562
24633564 24633566
24633568 24633570
24633572 24633574
24633576 24633578
24633580 24633582
24633584 24633586
24633588 24633590
24633592 24633594
24633596 24633598
24633600 24633602
24633604 24633606
24633608 24633610
24633612 24633614
24633616 24633618
24633620 24633622
24633624 24633626
24633628 24633630
24633632 24633634
24633636 24633638
24633640 24633642
24633644 24633646
24633648 24633650
24633652 24633654
24633656 24633658
24633660 24633662
24633664 24633666
24633668 24633670
24633672 24633674
24633676 24633678
24633680 24633682
24633684 24633686
24633688 24633690
24633692 24633694
24633696 24633698
24633700 24633702
24633704 24633706
24633708 24633710
24633712 24633714
24633716 24633718
24633720 24633722
24633724 24633726
24633728 24633730
24633732 24633734
24633736 24633738
24633740 24633742
24633744 24633746
24633748 24633750
24633752 24633754
24633756 24633758
24633760 24633762
24633764 24633766
24633768 24633770
24633772 24633774
24633776 24633778
24633780 24633782
24633784 24633786
24633788 24633790
24633792 24633794
24633796 24633798
24633800 24633802
24633804 24633806
24633808 24633810
24633812 24633814
24633816 24633818
24633820 24633822
24633824 24633826
24633828 24633830
24633832 24633834
24633836 24633838
24633840 24633842
24633844 24633846
24633848 24633850
24633852 24633854
24633856 24633858
24633860 24633862
24633864 24633866
24633868 24633870
24633872 24633874
24633876 24633878
24633880 24633882
24633884 24633886
24633888 24633890
24633892 24633894
24633896 24633898
24633900 24633902
24633904 24633906
24633908 24633910
24633912 24633914
24633916 24633918
24633920 24633922
24633924 24633926
24633928 24633930
24633932 24633934
24633936 24633938
24633940 24633942
24633944 24633946
24633948 24633950
24633952 24633954
24633956 24633958
24633960 24633962
24633964 24633966
24633968 24633970
24633972 24633974
24633976 24633978
24633980 24633982
24633984 24633986
24633988 24633990
24633992 24633994
24633996 24633998
24634000 24634002
24634004 24634006
24634008 24634010
24634012 24634014
24634016 24634018
24634020 24634022
24634024 24634026
24634028 24634030
24634032 24634034
24634036 24634038
24634040 24634042
24634044 24634046
24634048 24634050
24634052 24634054
24634056 24634058
24634060 24634062
24634064 24634066
24634068 24634070
24634072 24634074
24634076 24634078
24634080 24634082
24634084 24634086
24634088 24634090
24634092 24634094
24634096 24634098
24634100 24634102
24634104 24634106
24634108 24634110
24634112 24634114
24634116 24634118
24634120 24634122
24634124 24634126
24634128 24634130
24634132 24634134
24634136 24634138
24634140 24634142
24634144 24634146
24634148 24634150
24634152 24634154
24634156 24634158
24634160 24634162
24634164 24634166
24634168 24634170
24634172 24634174
24634176 24634178
24634180 24634182
24634184 24634186
24634188 24634190
24634192 24634194
24634196 24634198
24634200 24634202
24634204 24634206
24634208 24634210
24634212 24634214
24634216 24634218
24634220 24634222
24634224 24634226
24634228 24634230
24634232 24634234
24634236 24634238
24634240 24634242
24634244 24634246
24634248 24634250
24634252 24634254
24634256 24634258
24634260 24634262
24634264 24634266
24634268 24634270
24634272 24634274
24634276 24634278
24634280 24634282
24634284 24634286
24634288 24634290
24634292 24634294
24634296 24634298
24634300 24634302
24634304 24634306
24634308 24634310
24634312 24634314
24634316 24634318
24634320 24634322
24634324 24634326
24634328 24634330
24634332 24634334
24634336 24634338
24634340 24634342
24634344 24634346
24634348 24634350
24634352 24634354
24634356 24634358
24634360 24634362
24634364 24634366
24634368 24634370
24634372 24634374
24634376 24634378
24634380 24634382
24634384 24634386
24634388 24634390
24634392 24634394
24634396 24634398
24634400 24634402
24634404 24634406
24634408 24634410
24634412 24634414
24634416 24634418
24634420 24634422
24634424 24634426
24634428 24634430
24634432 24634434
24634436 24634438
24634440 24634442
24634444 24634446
24634448 24634450
24634452 24634454
24634456 24634458
24634460 24634462
24634464 24634466
24634468 24634470
24634472 24634474
24634476 24634478
24634480 24634482
24634484 24634486
24634488 24634490
24634492 24634494
24634496 24634498
24634500 24634502
24634504 24634506
24634508 24634510
24634512 24634514
24634516 24634518
24634520 24634522
24634524 24634526
24634528 24634530
24634532 24634534
24634536 24634538
24634540 24634542
24634544 24634546
24634548 24634550
24634552 24634554
24634556 24634558
24634560 24634562
24634564 24634566
24634568 24634570
24634572 24634574
24634576 24634578
24634580 24634582
24634584 24634586
24634588 24634590
24634592 24634594
24634596 24634598
24634600 24634602
24634604 24634606
24634608 24634610
24634612 24634614
24634616 24634618
24634620 24634622
24634624 24634626
24634628 24634630
24634632 24634634
24634636 24634638
24634640 24634642
24634644 24634646
24634648 24634650
24634652 24634654
24634656 24634658
24634660 24634662
24634664 24634666
24634668 24634670
24634672 24634674
24634676 24634678
24634680 24634682
24634684 24634686
24634688 24634690
24634692 24634694
24634696 24634698
24634700 24634702
24634704 24634706
24634708 24634710
24634712 24634714
24634716 24634718
24634720 24634722
24634724 24634726
24634728 24634730
24634732 24634734
24634736 24634738
24634740 24634742
24634744 24634746
24634748 24634750
24634752 24634754
24634756 24634758
24634760 24634762
24634764 24634766
24634768 24634770
24634772 24634774
24634776 24634778
24634780 24634782
24634784 24634786
24634788 24634790
24634792 24634794
24634796 24634798
24634800 24634802
24634804 24634806
24634808 24634810
24634812 24634814
24634816 24634818
24634820 24634822
24634824 24634826
24634828 24634830
24634832 24634834
24634836 24634838
24634840 24634842
24634844 24634846
24634848 24634850
24634852 24634854
24634856 24634858
24634860 24634862
24634864 24634866
24634868 24634870
24634872 24634874
24634876 24634878
24634880 24634882
24634884 24634886
24634888 24634890
24634892 24634894
24634896 24634898
24634900 24634902
24634904 24634906
24634908 24634910
24634912 24634914
24634916 24634918
24634920 24634922
24634924 24634926
24634928 24634930
24634932 24634934
24634936 24634938
24634940 24634942
24634944 24634946
24634948 24634950
24634952 24634954
24634956 24634958
24634960 24634962
24634964 24634966
24634968 24634970
24634972 24634974
24634976 24634978
24634980 24634982
24634984 24634986
24634988 24634990
24634992 24634994
24634996 24634998
24635000 24635002
24635004 24635006
24635008 24635010
24635012 24635014
24635016 24635018
24635020 24635022
24635024 24635026
24635028 24635030
24635032 24635034
24635036 24635038
24635040 24635042
24635044 24635046
24635048 24635050
24635052 24635054
24635056 24635058
24635060 24635062
24635064 24635066
24635068 24635070
24635072 24635074
24635076 24635078
24635080 24635082
24635084 24635086
24635088 24635090
24635092 24635094
24635096 24635098
24635100 24635102
24635104 24635106
24635108 24635110
24635112 24635114
24635116 24635118
24635120 24635122
24635124 24635126
24635128 24635130
24635132 24635134
24635136 24635138
24635140 24635142
24635144 24635146
24635148 24635150
24635152 24635154
24635156 24635158
24635160 24635162
24635164 24635166
24635168 24635170
24635172 24635174
24635176 24635178
24635180 24635182
24635184 24635186
24635188 24635190
24635192 24635194
24635196 24635198
24635200 24635202
24635204 24635206
24635208 24635210
24635212 24635214
24635216 24635218
24635220 24635222
24635224 24635226
24635228 24635230
24635232 24635234
24635236 24635238
24635240 24635242
24635244 24635246
24635248 24635250
24635252 24635254
24635256 24635258
24635260 24635262
24635264 24635266
24635268 24635270
24635272 24635274
24635276 24635278
24635280 24635282
24635284 24635286
24635288 24635290
24635292 24635294
24635296 24635298
24635300 24635302
24635304 24635306
24635308 24635310
24635312 24635314
24635316 24635318
24635320 24635322
24635324 24635326
24635328 24635330
24635332 24635334
24635336 24635338
24635340 24635342
24635344 24635346
24635348 24635350
24635352 24635354
24635356 24635358
24635360 24635362
24635364 24635366
24635368 24635370
24635372 24635374
24635376 24635378
24635380 24635382
24635384 24635386
24635388 24635390
24635392 24635394
24635396 24635398
24635400 24635402
24635404 24635406
24635408 24635410
24635412 24635414
24635416 24635418
24635420 24635422
24635424 24635426
24635428 24635430
24635432 24635434
24635436 24635438
24635440 24635442
24635444 24635446
24635448 24635450
24635452 24635454
24635456 24635458
24635460 24635462
24635464 24635466
24635468 24635470
24635472 24635474
24635476 24635478
24635480 24635482
24635484 24635486
24635488 24635490
24635492 24635494
24635496 24635498
24635500 24635502
24635504 24635506
24635508 24635510
24635512 24635514
24635516 24635518
24635520 24635522
24635524 24635526
24635528 24635530
24635532 24635534
24635536 24635538
24635540 24635542
24635544 24635546
24635548 24635550
24635552 24635554
24635556 24635558
24635560 24635562
24635564 24635566
24635568 24635570
24635572 24635574
24635576 24635578
24635580 24635582
24635584 24635586
24635588 24635590
24635592 24635594
24635596 24635598
24635600 24635602
24635604 24635606
24635608 24635610
24635612 24635614
24635616 24635618
24635620 24635622
24635624 24635626
24635628 24635630
24635632 24635634
24635636 24635638
24635640 24635642
24635644 24635646
24635648 24635650
24635652 24635654
24635656 24635658
24635660 24635662
24635664 24635666
24635668 24635670
24635672 24635674
24635676 24635678
24635680 24635682
24635684 24635686
24635688 24635690
24635692 24635694
24635696 24635698
24635700 24635702
24635704 24635706
24635708 24635710
24635712 24635714
24635716 24635718
24635720 24635722
24635724 24635726
24635728 24635730
24635732 24635734
24635736 24635738
24635740 24635742
24635744 24635746
24635748 24635750
24635752 24635754
24635756 24635758
24635760 24635762
24635764 24635766
24635768 24635770
24635772 24635774
24635776 24635778
24635780 24635782
24635784 24635786
24635788 24635790
24635792 24635794
24635796 24635798
24635800 24635802
24635804 24635806
24635808 24635810
24635812 24635814
24635816 24635818
24635820 24635822
24635824 24635826
24635828 24635830
24635832 24635834
24635836 24635838
24635840 24635842
24635844 24635846
24635848 24635850
24635852 24635854
24635856 24635858
24635860 24635862
24635864 24635866
24635868 24635870
24635872 24635874
24635876 24635878
24635880 24635882
24635884 24635886
24635888 24635890
24635892 24635894
24635896 24635898
24635900 24635902
24635904 24635906
24635908 24635910
24635912 24635914
24635916 24635918
24635920 24635922
24635924 24635926
24635928 24635930
24635932 24635934
24635936 24635938
24635940 24635942
24635944 24635946
24635948 24635950
24635952 24635954
24635956 24635958
24635960 24635962
24635964 24635966
24635968 24635970
24635972 24635974
24635976 24635978
24635980 24635982
24635984 24635986
24635988 24635990
24635992 24635994
24635996 24635998
24636000 24636002
24636004 24636006
24636008 24636010
24636012 24636014
24636016 24636018
24636020 24636022
24636024 24636026
24636028 24636030
24636032 24636034
24636036 24636038
24636040 24636042
24636044 24636046
24636048 24636050
24636052 24636054
24636056 24636058
24636060 24636062
24636064 24636066
24636068 24636070
24636072 24636074
24636076 24636078
24636080 24636082
24636084 24636086
24636088 24636090
24636092 24636094
24636096 24636098
24636100 24636102
24636104 24636106
24636108 24636110
24636112 24636114
24636116 24636118
24636120 24636122
24636124 24636126
24636128 24636130
24636132 24636134
24636136 24636138
24636140 24636142
24636144 24636146
24636148 24636150
24636152 24636154
24636156 24636158
24636160 24636162
24636164 24636166
24636168 24636170
24636172 24636174
24636176 24636178
24636180 24636182
24636184 24636186
24636188 24636190
24636192 24636194
24636196 24636198
24636200 24636202
24636204 24636206
24636208 24636210
24636212 24636214
24636216 24636218
24636220 24636222
24636224 24636226
24636228 24636230
24636232 24636234
24636236 24636238
24636240 24636242
24636244 24636246
24636248 24636250
24636252 24636254
24636256 24636258
24636260 24636262
24636264 24636266
24636268 24636270
24636272 24636274
24636276 24636278
24636280 24636282
24636284 24636286
24636288 24636290
24636292 24636294
24636296 24636298
24636300 24636302
24636304 24636306
24636308 24636310
24636312 24636314
24636316 24636318
24636320 24636322
24636324 24636326
24636328 24636330
24636332 24636334
24636336 24636338
24636340 24636342
24636344 24636346
24636348 24636350
24636352 24636354
24636356 24636358
24636360 24636362
24636364 24636366
24636368 24636370
24636372 24636374
24636376 24636378
24636380 24636382
24636384 24636386
24636388 24636390
24636392 24636394
24636396 24636398
24636400 24636402
24636404 24636406
24636408 24636410
24636412 24636414
24636416 24636418
24636420 24636422
24636424 24636426
24636428 24636430
24636432 24636434
24636436 24636438
24636440 24636442
24636444 24636446
24636448 24636450
24636452 24636454
24636456 24636458
24636460 24636462
24636464 24636466
24636468 24636470
24636472 24636474
24636476 24636478
24636480 24636482
24636484 24636486
24636488 24636490
24636492 24636494
24636496 24636498
24636500 24636502
24636504 24636506
24636508 24636510
24636512 24636514
24636516 24636518
24636520 24636522
24636524 24636526
24636528 24636530
24636532 24636534
24636536 24636538
24636540 24636542
24636544 24636546
24636548 24636550
24636552 24636554
24636556 24636558
24636560 24636562
24636564 24636566
24636568 24636570
24636572 24636574
24636576 24636578
24636580 24636582
24636584 24636586
24636588 24636590
24636592 24636594
24636596 24636598
24636600 24636602
24636604 24636606
24636608 24636610
24636612 24636614
24636616 24636618
24636620 24636622
24636624 24636626
24636628 24636630
24636632 24636634
24636636 24636638
24636640 24636642
24636644 24636646
24636648 24636650
24636652 24636654
24636656 24636658
24636660 24636662
24636664 24636666
24636668 24636670
24636672 24636674
24636676 24636678
24636680 24636682
24636684 24636686
24636688 24636690
24636692 24636694
24636696 24636698
24636700 24636702
24636704 24636706
24636708 24636710
24636712 24636714
24636716 24636718
24636720 24636722
24636724 24636726
24636728 24636730
24636732 24636734
24636736 24636738
24636740 24636742
24636744 24636746
24636748 24636750
24636752 24636754
24636756 24636758
24636760 24636762
24636764 24636766
24636768 24636770
24636772 24636774
24636776 24636778
24636780 24636782
24636784 24636786
24636788 24636790
24636792 24636794
24636796 24636798
24636800 24636802
24636804 24636806
24636808 24636810
24636812 24636814
24636816 24636818
24636820 24636822
24636824 24636826
24636828 24636830
24636832 24636834
24636836 24636838
24636840 24636842
24636844 24636846
24636848 24636850
24636852 24636854
24636856 24636858
24636860 24636862
24636864 24636866
24636868 24636870
24636872 24636874
24636876 24636878
24636880 24636882
24636884 24636886
24636888 24636890
24636892 24636894
24636896 24636898
24636900 24636902
24636904 24636906
24636908 24636910
24636912 24636914
24636916 24636918
24636920 24636922
24636924 24636926
24636928 24636930
24636932 24636934
24636936 24636938
24636940 24636942
24636944 24636946
24636948 24636950
24636952 24636954
24636956 24636958
24636960 24636962
24636964 24636966
24636968 24636970
24636972 24636974
24636976 24636978
24636980 24636982
24636984 24636986
24636988 24636990
24636992 24636994
24636996 24636998
24637000 24637002
24637004 24637006
24637008 24637010
24637012 24637014
24637016 24637018
24637020 24637022
24637024 24637026
24637028 24637030
24637032 24637034
24637036 24637038
24637040 24637042
24637044 24637046
24637048 24637050
24637052 24637054
24637056 24637058
24637060 24637062
24637064 24637066
24637068 24637070
24637072 24637074
24637076 24637078
24637080 24637082
24637084 24637086
24637088 24637090
24637092 24637094
24637096 24637098
24637100 24637102
24637104 24637106
24637108 24637110
24637112 24637114
24637116 24637118
24637120 24637122
24637124 24637126
24637128 24637130
24637132 24637134
24637136 24637138
24637140 24637142
24637144 24637146
24637148 24637150
24637152 24637154
24637156 24637158
24637160 24637162
24637164 24637166
24637168 24637170
24637172 24637174
24637176 24637178
24637180 24637182
24637184 24637186
24637188 24637190
24637192 24637194
24637196 24637198
24637200 24637202
24637204 24637206
24637208 24637210
24637212 24637214
24637216 24637218
24637220 24637222
24637224 24637226
24637228 24637230
24637232 24637234
24637236 24637238
24637240 24637242
24637244 24637246
24637248 24637250
24637252 24637254
24637256 24637258
24637260 24637262
24637264 24637266
24637268 24637270
24637272 24637274
24637276 24637278
24637280 24637282
24637284 24637286
24637288 24637290
24637292 24637294
24637296 24637298
24637300 24637302
24637304 24637306
24637308 24637310
24637312 24637314
24637316 24637318
24637320 24637322
24637324 24637326
24637328 24637330
24637332 24637334
24637336 24637338
24637340 24637342
24637344 24637346
24637348 24637350
24637352 24637354
24637356 24637358
24637360 24637362
24637364 24637366
24637368 24637370
24637372 24637374
24637376 24637378
24637380 24637382
24637384 24637386
24637388 24637390
24637392 24637394
24637396 24637398
24637400 24637402
24637404 24637406
24637408 24637410
24637412 24637414
24637416 24637418
24637420 24637422
24637424 24637426
24637428 24637430
24637432 24637434
24637436 24637438
24637440 24637442
24637444 24637446
24637448 24637450
24637452 24637454
24637456 24637458
24637460 24637462
24637464 24637466
24637468 24637470
24637472 24637474
24637476 24637478
24637480 24637482
24637484 24637486
24637488 24637490
24637492 24637494
24637496 24637498
24637500 24637502
24637504 24637506
24637508 24637510
24637512 24637514
24637516 24637518
24637520 24637522
24637524 24637526
24637528 24637530
24637532 24637534
24637536 24637538
24637540 24637542
24637544 24637546
24637548 24637550
24637552 24637554
24637556 24637558
24637560 24637562
24637564 24637566
24637568 24637570
24637572 24637574
24637576 24637578
24637580 24637582
24637584 24637586
24637588 24637590
24637592 24637594
24637596 24637598
24637600 24637602
24637604 24637606
24637608 24637610
24637612 24637614
24637616 24637618
24637620 24637622
24637624 24637626
24637628 24637630
24637632 24637634
24637636 24637638
24637640 24637642
24637644 24637646
24637648 24637650
24637652 24637654
24637656 24637658
24637660 24637662
24637664 24637666
24637668 24637670
24637672 24637674
24637676 24637678
24637680 24637682
24637684 24637686
24637688 24637690
24637692 24637694
24637696 24637698
24637700 24637702
24637704 24637706
24637708 24637710
24637712 24637714
24637716 24637718
24637720 24637722
24637724 24637726
24637728 24637730
24637732 24637734
24637736 24637738
24637740 24637742
24637744 24637746
24637748 24637750
24637752 24637754
24637756 24637758
24637760 24637762
24637764 24637766
24637768 24637770
24637772 24637774
24637776 24637778
24637780 24637782
24637784 24637786
24637788 24637790
24637792 24637794
24637796 24637798
24637800 24637802
24637804 24637806
24637808 24637810
24637812 24637814
24637816 24637818
24637820 24637822
24637824 24637826
24637828 24637830
24637832 24637834
24637836 24637838
24637840 24637842
24637844 24637846
24637848 24637850
24637852 24637854
24637856 24637858
24637860 24637862
24637864 24637866
24637868 24637870
24637872 24637874
24637876 24637878
24637880 24637882
24637884 24637886
24637888 24637890
24637892 24637894
24637896 24637898
24637900 24637902
24637904 24637906
24637908 24637910
24637912 24637914
24637916 24637918
24637920 24637922
24637924 24637926
24637928 24637930
24637932 24637934
24637936 24637938
24637940 24637942
24637944 24637946
24637948 24637950
24637952 24637954
24637956 24637958
24637960 24637962
24637964 24637966
24637968 24637970
24637972 24637974
24637976 24637978
24637980 24637982
24637984 24637986
24637988 24637990
24637992 24637994
24637996 24637998
24638000 24638002
24638004 24638006
24638008 24638010
24638012 24638014
24638016 24638018
24638020 24638022
24638024 24638026
24638028 24638030
24638032 24638034
24638036 24638038
24638040 24638042
24638044 24638046
24638048 24638050
24638052 24638054
24638056 24638058
24638060 24638062
24638064 24638066
24638068 24638070
24638072 24638074
24638076 24638078
24638080 24638082
24638084 24638086
24638088 24638090
24638092 24638094
24638096 24638098
24638100 24638102
24638104 24638106
24638108 24638110
24638112 24638114
24638116 24638118
24638120 24638122
24638124 24638126
24638128 24638130
24638132 24638134
24638136 24638138
24638140 24638142
24638144 24638146
24638148 24638150
24638152 24638154
24638156 24638158
24638160 24638162
24638164 24638166
24638168 24638170
24638172 24638174
24638176 24638178
24638180 24638182
24638184 24638186
24638188 24638190
24638192 24638194
24638196 24638198
24638200 24638202
24638204 24638206
24638208 24638210
24638212 24638214
24638216 24638218
24638220 24638222
24638224 24638226
24638228 24638230
24638232 24638234
24638236 24638238
24638240 24638242
24638244 24638246
24638248 24638250
24638252 24638254
24638256 24638258
24638260 24638262
24638264 24638266
24638268 24638270
24638272 24638274
24638276 24638278
24638280 24638282
24638284 24638286
24638288 24638290
24638292 24638294
24638296 24638298
24638300 24638302
24638304 24638306
24638308 24638310
24638312 24638314
24638316 24638318
24638320 24638322
24638324 24638326
24638328 24638330
24638332 24638334
24638336 24638338
24638340 24638342
24638344 24638346
24638348 24638350
24638352 24638354
24638356 24638358
24638360 24638362
24638364 24638366
24638368 24638370
24638372 24638374
24638376 24638378
24638380 24638382
24638384 24638386
24638388 24638390
24638392 24638394
24638396 24638398
24638400 24638402
24638404 24638406
24638408 24638410
24638412 24638414
24638416 24638418
24638420 24638422
24638424 24638426
24638428 24638430
24638432 24638434
24638436 24638438
24638440 24638442
24638444 24638446
24638448 24638450
24638452 24638454
24638456 24638458
24638460 24638462
24638464 24638466
24638468 24638470
24638472 24638474
24638476 24638478
24638480 24638482
24638484 24638486
24638488 24638490
24638492 24638494
24638496 24638498
24638500 24638502
24638504 24638506
24638508 24638510
24638512 24638514
24638516 24638518
24638520 24638522
24638524 24638526
24638528 24638530
24638532 24638534
24638536 24638538
24638540 24638542
24638544 24638546
24638548 24638550
24638552 24638554
24638556 24638558
24638560 24638562
24638564 24638566
24638568 24638570
24638572 24638574
24638576 24638578
24638580 24638582
24638584 24638586
24638588 24638590
24638592 24638594
24638596 24638598
24638600 24638602
24638604 24638606
24638608 24638610
24638612 24638614
24638616 24638618
24638620 24638622
24638624 24638626
24638628 24638630
24638632 24638634
24638636 24638638
24638640 24638642
24638644 24638646
24638648 24638650
24638652 24638654
24638656 24638658
24638660 24638662
24638664 24638666
24638668 24638670
24638672 24638674
24638676 24638678
24638680 24638682
24638684 24638686
24638688 24638690
24638692 24638694
24638696 24638698
24638700 24638702
24638704 24638706
24638708 24638710
24638712 24638714
24638716 24638718
24638720 24638722
24638724 24638726
24638728 24638730
24638732 24638734
24638736 24638738
24638740 24638742
24638744 24638746
24638748 24638750
24638752 24638754
24638756 24638758
24638760 24638762
24638764 24638766
24638768 24638770
24638772 24638774
24638776 24638778
24638780 24638782
24638784 24638786
24638788 24638790
24638792 24638794
24638796 24638798
24638800 24638802
24638804 24638806
24638808 24638810
24638812 24638814
24638816 24638818
24638820 24638822
24638824 24638826
24638828 24638830
24638832 24638834
24638836 24638838
24638840 24638842
24638844 24638846
24638848 24638850
24638852 24638854
24638856 24638858
24638860 24638862
24638864 24638866
24638868 24638870
24638872 24638874
24638876 24638878
24638880 24638882
24638884 24638886
24638888 24638890
24638892 24638894
24638896 24638898
24638900 24638902
24638904 24638906
24638908 24638910
24638912 24638914
24638916 24638918
24638920 24638922
24638924 24638926
24638928 24638930
24638932 24638934
24638936 24638938
24638940 24638942
24638944 24638946
24638948 24638950
24638952 24638954
24638956 24638958
24638960 24638962
24638964 24638966
24638968 24638970
24638972 24638974
24638976 24638978
24638980 24638982
24638984 24638986
24638988 24638990
24638992 24638994
24638996 24638998
24639000 24639002
24639004 24639006
24639008 24639010
24639012 24639014
24639016 24639018
24639020 24639022
24639024 24639026
24639028 24639030
24639032 24639034
24639036 24639038
24639040 24639042
24639044 24639046
24639048 24639050
24639052 24639054
24639056 24639058
24639060 24639062
24639064 24639066
24639068 24639070
24639072 24639074
24639076 24639078
24639080 24639082
24639084 24639086
24639088 24639090
24639092 24639094
24639096 24639098
24639100 24639102
24639104 24639106
24639108 24639110
24639112 24639114
24639116 24639118
24639120 24639122
24639124 24639126
24639128 24639130
24639132 24639134
24639136 24639138
24639140 24639142
24639144 24639146
24639148 24639150
24639152 24639154
24639156 24639158
24639160 24639162
24639164 24639166
24639168 24639170
24639172 24639174
24639176 24639178
24639180 24639182
24639184 24639186
24639188 24639190
24639192 24639194
24639196 24639198
24639200 24639202
24639204 24639206
24639208 24639210
24639212 24639214
24639216 24639218
24639220 24639222
24639224 24639226
24639228 24639230
24639232 24639234
24639236 24639238
24639240 24639242
24639244 24639246
24639248 24639250
24639252 24639254
24639256 24639258
24639260 24639262
24639264 24639266
24639268 24639270
24639272 24639274
24639276 24639278
24639280 24639282
24639284 24639286
24639288 24639290
24639292 24639294
24639296 24639298
24639300 24639302
24639304 24639306
24639308 24639310
24639312 24639314
24639316 24639318
24639320 24639322
24639324 24639326
24639328 24639330
24639332 24639334
24639336 24639338
24639340 24639342
24639344 24639346
24639348 24639350
24639352 24639354
24639356 24639358
24639360 24639362
24639364 24639366
24639368 24639370
24639372 24639374
24639376 24639378
24639380 24639382
24639384 24639386
24639388 24639390
24639392 24639394
24639396 24639398
24639400 24639402
24639404 24639406
24639408 24639410
24639412 24639414
24639416 24639418
24639420 24639422
24639424 24639426
24639428 24639430
24639432 24639434
24639436 24639438
24639440 24639442
24639444 24639446
24639448 24639450
24639452 24639454
24639456 24639458
24639460 24639462
24639464 24639466
24639468 24639470
24639472 24639474
24639476 24639478
24639480 24639482
24639484 24639486
24639488 24639490
24639492 24639494
24639496 24639498
24639500 24639502
24639504 24639506
24639508 24639510
24639512 24639514
24639516 24639518
24639520 24639522
24639524 24639526
24639528 24639530
24639532 24639534
24639536 24639538
24639540 24639542
24639544 24639546
24639548 24639550
24639552 24639554
24639556 24639558
24639560 24639562
24639564 24639566
24639568 24639570
24639572 24639574
24639576 24639578
24639580 24639582
24639584 24639586
24639588 24639590
24639592 24639594
24639596 24639598
24639600 24639602
24639604 24639606
24639608 24639610
24639612 24639614
24639616 24639618
24639620 24639622
24639624 24639626
24639628 24639630
24639632 24639634
24639636 24639638
24639640 24639642
24639644 24639646
24639648 24639650
24639652 24639654
24639656 24639658
24639660 24639662
24639664 24639666
24639668 24639670
24639672 24639674
24639676 24639678
24639680 24639682
24639684 24639686
24639688 24639690
24639692 24639694
24639696 24639698
24639700 24639702
24639704 24639706
24639708 24639710
24639712 24639714
24639716 24639718
24639720 24639722
24639724 24639726
24639728 24639730
24639732 24639734
24639736 24639738
24639740 24639742
24639744 24639746
24639748 24639750
24639752 24639754
24639756 24639758
24639760 24639762
24639764 24639766
24639768 24639770
24639772 24639774
24639776 24639778
24639780 24639782
24639784 24639786
24639788 24639790
24639792 24639794
24639796 24639798
24639800 24639802
24639804 24639806
24639808 24639810
24639812 24639814
24639816 24639818
24639820 24639822
24639824 24639826
24639828 24639830
24639832 24639834
24639836 24639838
24639840 24639842
24639844 24639846
24639848 24639850
24639852 24639854
24639856 24639858
24639860 24639862
24639864 24639866
24639868 24639870
24639872 24639874
24639876 24639878
24639880 24639882
24639884 24639886
24639888 24639890
24639892 24639894
24639896 24639898
24639900 24639902
24639904 24639906
24639908 24639910
24639912 24639914
24639916 24639918
24639920 24639922
24639924 24639926
24639928 24639930
24639932 24639934
24639936 24639938
24639940 24639942
24639944 24639946
24639948 24639950
24639952 24639954
24639956 24639958
24639960 24639962
24639964 24639966
24639968 24639970
24639972 24639974
24639976 24639978
24639980 24639982
24639984 24639986
24639988 24639990
24639992 24639994
24639996 24639998
24640000 24640002
24640004 24640006
24640008 24640010
24640012 24640014
24640016 24640018
24640020 24640022
24640024 24640026
24640028 24640030
24640032 24640034
24640036 24640038
24640040 24640042
24640044 24640046
24640048 24640050
24640052 24640054
24640056 24640058
24640060 24640062
24640064 24640066
24640068 24640070
24640072 24640074
24640076 24640078
24640080 24640082
24640084 24640086
24640088 24640090
24640092 24640094
24640096 24640098
24640100 24640102
24640104 24640106
24640108 24640110
24640112 24640114
24640116 24640118
24640120 24640122
24640124 24640126
24640128 24640130
24640132 24640134
24640136 24640138
24640140 24640142
24640144 24640146
24640148 24640150
24640152 24640154
24640156 24640158
24640160 24640162
24640164 24640166
24640168 24640170
24640172 24640174
24640176 24640178
24640180 24640182
24640184 24640186
24640188 24640190
24640192 24640194
24640196 24640198
24640200 24640202
24640204 24640206
24640208 24640210
24640212 24640214
24640216 24640218
24640220 24640222
24640224 24640226
24640228 24640230
24640232 24640234
24640236 24640238
24640240 24640242
24640244 24640246
24640248 24640250
24640252 24640254
24640256 24640258
24640260 24640262
24640264 24640266
24640268 24640270
24640272 24640274
24640276 24640278
24640280 24640282
24640284 24640286
24640288 24640290
24640292 24640294
24640296 24640298
24640300 24640302
24640304 24640306
24640308 24640310
24640312 24640314
24640316 24640318
24640320 24640322
24640324 24640326
24640328 24640330
24640332 24640334
24640336 24640338
24640340 24640342
24640344 24640346
24640348 24640350
24640352 24640354
24640356 24640358
24640360 24640362
24640364 24640366
24640368 24640370
24640372 24640374
24640376 24640378
24640380 24640382
24640384 24640386
24640388 24640390
24640392 24640394
24640396 24640398
24640400 24640402
24640404 24640406
24640408 24640410
24640412 24640414
24640416 24640418
24640420 24640422
24640424 24640426
24640428 24640430
24640432 24640434
24640436 24640438
24640440 24640442
24640444 24640446
24640448 24640450
24640452 24640454
24640456 24640458
24640460 24640462
24640464 24640466
24640468 24640470
24640472 24640474
24640476 24640478
24640480 24640482
24640484 24640486
24640488 24640490
24640492 24640494
24640496 24640498
24640500 24640502
24640504 24640506
24640508 24640510
24640512 24640514
24640516 24640518
24640520 24640522
24640524 24640526
24640528 24640530
24640532 24640534
24640536 24640538
24640540 24640542
24640544 24640546
24640548 24640550
24640552 24640554
24640556 24640558
24640560 24640562
24640564 24640566
24640568 24640570
24640572 24640574
24640576 24640578
24640580 24640582
24640584 24640586
24640588 24640590
24640592 24640594
24640596 24640598
24640600 24640602
24640604 24640606
24640608 24640610
24640612 24640614
24640616 24640618
24640620 24640622
24640624 24640626
24640628 24640630
24640632 24640634
24640636 24640638
24640640 24640642
24640644 24640646
24640648 24640650
24640652 24640654
24640656 24640658
24640660 24640662
24640664 24640666
24640668 24640670
24640672 24640674
24640676 24640678
24640680 24640682
24640684 24640686
24640688 24640690
24640692 24640694
24640696 24640698
24640700 24640702
24640704 24640706
24640708 24640710
24640712 24640714
24640716 24640718
24640720 24640722
24640724 24640726
24640728 24640730
24640732 24640734
24640736 24640738
24640740 24640742
24640744 24640746
24640748 24640750
24640752 24640754
24640756 24640758
24640760 24640762
24640764 24640766
24640768 24640770
24640772 24640774
24640776 24640778
24640780 24640782
24640784 24640786
24640788 24640790
24640792 24640794
24640796 24640798
24640800 24640802
24640804 24640806
24640808 24640810
24640812 24640814
24640816 24640818
24640820 24640822
24640824 24640826
24640828 24640830
24640832 24640834
24640836 24640838
24640840 24640842
24640844 24640846
24640848 24640850
24640852 24640854
24640856 24640858
24640860 24640862
24640864 24640866
24640868 24640870
24640872 24640874
24640876 24640878
24640880 24640882
24640884 24640886
24640888 24640890
24640892 24640894
24640896 24640898
24640900 24640902
24640904 24640906
24640908 24640910
24640912 24640914
24640916 24640918
24640920 24640922
24640924 24640926
24640928 24640930
24640932 24640934
24640936 24640938
24640940 24640942
24640944 24640946
24640948 24640950
24640952 24640954
24640956 24640958
24640960 24640962
24640964 24640966
24640968 24640970
24640972 24640974
24640976 24640978
24640980 24640982
24640984 24640986
24640988 24640990
24640992 24640994
24640996 24640998
24641000 24641002
24641004 24641006
24641008 24641010
24641012 24641014
24641016 24641018
24641020 24641022
24641024 24641026
24641028 24641030
24641032 24641034
24641036 24641038
24641040 24641042
24641044 24641046
24641048 24641050
24641052 24641054
24641056 24641058
24641060 24641062
24641064 24641066
24641068 24641070
24641072 24641074
24641076 24641078
24641080 24641082
24641084 24641086
24641088 24641090
24641092 24641094
24641096 24641098
24641100 24641102
24641104 24641106
24641108 24641110
24641112 24641114
24641116 24641118
24641120 24641122
24641124 24641126
24641128 24641130
24641132 24641134
24641136 24641138
24641140 24641142
24641144 24641146
24641148 24641150
24641152 24641154
24641156 24641158
24641160 24641162
24641164 24641166
24641168 24641170
24641172 24641174
24641176 24641178
24641180 24641182
24641184 24641186
24641188 24641190
24641192 24641194
24641196 24641198
24641200 24641202
24641204 24641206
24641208 24641210
24641212 24641214
24641216 24641218
24641220 24641222
24641224 24641226
24641228 24641230
24641232 24641234
24641236 24641238
24641240 24641242
24641244 24641246
24641248 24641250
24641252 24641254
24641256 24641258
24641260 24641262
24641264 24641266
24641268 24641270
24641272 24641274
24641276 24641278
24641280 24641282
24641284 24641286
24641288 24641290
24641292 24641294
24641296 24641298
24641300 24641302
24641304 24641306
24641308 24641310
24641312 24641314
24641316 24641318
24641320 24641322
24641324 24641326
24641328 24641330
24641332 24641334
24641336 24641338
24641340 24641342
24641344 24641346
24641348 24641350
24641352 24641354
24641356 24641358
24641360 24641362
24641364 24641366
24641368 24641370
24641372 24641374
24641376 24641378
24641380 24641382
24641384 24641386
24641388 24641390
24641392 24641394
24641396 24641398
24641400 24641402
24641404 24641406
24641408 24641410
24641412 24641414
24641416 24641418
24641420 24641422
24641424 24641426
24641428 24641430
24641432 24641434
24641436 24641438
24641440 24641442
24641444 24641446
24641448 24641450
24641452 24641454
24641456 24641458
24641460 24641462
24641464 24641466
24641468 24641470
24641472 24641474
24641476 24641478
24641480 24641482
24641484 24641486
24641488 24641490
24641492 24641494
24641496 24641498
24641500 24641502
24641504 24641506
24641508 24641510
24641512 24641514
24641516 24641518
24641520 24641522
24641524 24641526
24641528 24641530
24641532 24641534
24641536 24641538
24641540 24641542
24641544 24641546
24641548 24641550
24641552 24641554
24641556 24641558
24641560 24641562
24641564 24641566
24641568 24641570
24641572 24641574
24641576 24641578
24641580 24641582
24641584 24641586
24641588 24641590
24641592 24641594
24641596 24641598
24641600 24641602
24641604 24641606
24641608 24641610
24641612 24641614
24641616 24641618
24641620 24641622
24641624 24641626
24641628 24641630
24641632 24641634
24641636 24641638
24641640 24641642
24641644 24641646
24641648 24641650
24641652 24641654
24641656 24641658
24641660 24641662
24641664 24641666
24641668 24641670
24641672 24641674
24641676 24641678
24641680 24641682
24641684 24641686
24641688 24641690
24641692 24641694
24641696 24641698
24641700 24641702
24641704 24641706
24641708 24641710
24641712 24641714
24641716 24641718
24641720 24641722
24641724 24641726
24641728 24641730
24641732 24641734
24641736 24641738
24641740 24641742
24641744 24641746
24641748 24641750
24641752 24641754
24641756 24641758
24641760 24641762
24641764 24641766
24641768 24641770
24641772 24641774
24641776 24641778
24641780 24641782
24641784 24641786
24641788 24641790
24641792 24641794
24641796 24641798
24641800 24641802
24641804 24641806
24641808 24641810
24641812 24641814
24641816 24641818
24641820 24641822
24641824 24641826
24641828 24641830
24641832 24641834
24641836 24641838
24641840 24641842
24641844 24641846
24641848 24641850
24641852 24641854
24641856 24641858
24641860 24641862
24641864 24641866
24641868 24641870
24641872 24641874
24641876 24641878
24641880 24641882
24641884 24641886
24641888 24641890
24641892 24641894
24641896 24641898
24641900 24641902
24641904 24641906
24641908 24641910
24641912 24641914
24641916 24641918
24641920 24641922
24641924 24641926
24641928 24641930
24641932 24641934
24641936 24641938
24641940 24641942
24641944 24641946
24641948 24641950
24641952 24641954
24641956 24641958
24641960 24641962
24641964 24641966
24641968 24641970
24641972 24641974
24641976 24641978
24641980 24641982
24641984 24641986
24641988 24641990
24641992 24641994
24641996 24641998
24642000 24642002
24642004 24642006
24642008 24642010
24642012 24642014
24642016 24642018
24642020 24642022
24642024 24642026
24642028 24642030
24642032 24642034
24642036 24642038
24642040 24642042
24642044 24642046
24642048 24642050
24642052 24642054
24642056 24642058
24642060 24642062
24642064 24642066
24642068 24642070
24642072 24642074
24642076 24642078
24642080 24642082
24642084 24642086
24642088 24642090
24642092 24642094
24642096 24642098
24642100 24642102
24642104 24642106
24642108 24642110
24642112 24642114
24642116 24642118
24642120 24642122
24642124 24642126
24642128 24642130
24642132 24642134
24642136 24642138
24642140 24642142
24642144 24642146
24642148 24642150
24642152 24642154
24642156 24642158
24642160 24642162
24642164 24642166
24642168 24642170
24642172 24642174
24642176 24642178
24642180 24642182
24642184 24642186
24642188 24642190
24642192 24642194
24642196 24642198
24642200 24642202
24642204 24642206
24642208 24642210
24642212 24642214
24642216 24642218
24642220 24642222
24642224 24642226
24642228 24642230
24642232 24642234
24642236 24642238
24642240 24642242
24642244 24642246
24642248 24642250
24642252 24642254
24642256 24642258
24642260 24642262
24642264 24642266
24642268 24642270
24642272 24642274
24642276 24642278
24642280 24642282
24642284 24642286
24642288 24642290
24642292 24642294
24642296 24642298
24642300 24642302
24642304 24642306
24642308 24642310
24642312 24642314
24642316 24642318
24642320 24642322
24642324 24642326
24642328 24642330
24642332 24642334
24642336 24642338
24642340 24642342
24642344 24642346
24642348 24642350
24642352 24642354
24642356 24642358
24642360 24642362
24642364 24642366
24642368 24642370
24642372 24642374
24642376 24642378
24642380 24642382
24642384 24642386
24642388 24642390
24642392 24642394
24642396 24642398
24642400 24642402
24642404 24642406
24642408 24642410
24642412 24642414
24642416 24642418
24642420 24642422
24642424 24642426
24642428 24642430
24642432 24642434
24642436 24642438
24642440 24642442
24642444 24642446
24642448 24642450
24642452 24642454
24642456 24642458
24642460 24642462
24642464 24642466
24642468 24642470
24642472 24642474
24642476 24642478
24642480 24642482
24642484 24642486
24642488 24642490
24642492 24642494
24642496 24642498
24642500 24642502
24642504 24642506
24642508 24642510
24642512 24642514
24642516 24642518
24642520 24642522
24642524 24642526
24642528 24642530
24642532 24642534
24642536 24642538
24642540 24642542
24642544 24642546
24642548 24642550
24642552 24642554
24642556 24642558
24642560 24642562
24642564 24642566
24642568 24642570
24642572 24642574
24642576 24642578
24642580 24642582
24642584 24642586
24642588 24642590
24642592 24642594
24642596 24642598
24642600 24642602
24642604 24642606
24642608 24642610
24642612 24642614
24642616 24642618
24642620 24642622
24642624 24642626
24642628 24642630
24642632 24642634
24642636 24642638
24642640 24642642
24642644 24642646
24642648 24642650
24642652 24642654
24642656 24642658
24642660 24642662
24642664 24642666
24642668 24642670
24642672 24642674
24642676 24642678
24642680 24642682
24642684 24642686
24642688 24642690
24642692 24642694
24642696 24642698
24642700 24642702
24642704 24642706
24642708 24642710
24642712 24642714
24642716 24642718
24642720 24642722
24642724 24642726
24642728 24642730
24642732 24642734
24642736 24642738
24642740 24642742
24642744 24642746
24642748 24642750
24642752 24642754
24642756 24642758
24642760 24642762
24642764 24642766
24642768 24642770
24642772 24642774
24642776 24642778
24642780 24642782
24642784 24642786
24642788 24642790
24642792 24642794
24642796 24642798
24642800 24642802
24642804 24642806
24642808 24642810
24642812 24642814
24642816 24642818
24642820 24642822
24642824 24642826
24642828 24642830
24642832 24642834
24642836 24642838
24642840 24642842
24642844 24642846
24642848 24642850
24642852 24642854
24642856 24642858
24642860 24642862
24642864 24642866
24642868 24642870
24642872 24642874
24642876 24642878
24642880 24642882
24642884 24642886
24642888 24642890
24642892 24642894
24642896 24642898
24642900 24642902
24642904 24642906
24642908 24642910
24642912 24642914
24642916 24642918
24642920 24642922
24642924 24642926
24642928 24642930
24642932 24642934
24642936 24642938
24642940 24642942
24642944 24642946
24642948 24642950
24642952 24642954
24642956 24642958
24642960 24642962
24642964 24642966
24642968 24642970
24642972 24642974
24642976 24642978
24642980 24642982
24642984 24642986
24642988 24642990
24642992 24642994
24642996 24642998
24643000 24643002
24643004 24643006
24643008 24643010
24643012 24643014
24643016 24643018
24643020 24643022
24643024 24643026
24643028 24643030
24643032 24643034
24643036 24643038
24643040 24643042
24643044 24643046
24643048 24643050
24643052 24643054
24643056 24643058
24643060 24643062
24643064 24643066
24643068 24643070
24643072 24643074
24643076 24643078
24643080 24643082
24643084 24643086
24643088 24643090
24643092 24643094
24643096 24643098
24643100 24643102
24643104 24643106
24643108 24643110
24643112 24643114
24643116 24643118
24643120 24643122
24643124 24643126
24643128 24643130
24643132 24643134
24643136 24643138
24643140 24643142
24643144 24643146
24643148 24643150
24643152 24643154
24643156 24643158
24643160 24643162
24643164 24643166
24643168 24643170
24643172 24643174
24643176 24643178
24643180 24643182
24643184 24643186
24643188 24643190
24643192 24643194
24643196 24643198
24643200 24643202
24643204 24643206
24643208 24643210
24643212 24643214
24643216 24643218
24643220 24643222
24643224 24643226
24643228 24643230
24643232 24643234
24643236 24643238
24643240 24643242
24643244 24643246
24643248 24643250
24643252 24643254
24643256 24643258
24643260 24643262
24643264 24643266
24643268 24643270
24643272 24643274
24643276 24643278
24643280 24643282
24643284 24643286
24643288 24643290
24643292 24643294
24643296 24643298
24643300 24643302
24643304 24643306
24643308 24643310
24643312 24643314
24643316 24643318
24643320 24643322
24643324 24643326
24643328 24643330
24643332 24643334
24643336 24643338
24643340 24643342
24643344 24643346
24643348 24643350
24643352 24643354
24643356 24643358
24643360 24643362
24643364 24643366
24643368 24643370
24643372 24643374
24643376 24643378
24643380 24643382
24643384 24643386
24643388 24643390
24643392 24643394
24643396 24643398
24643400 24643402
24643404 24643406
24643408 24643410
24643412 24643414
24643416 24643418
24643420 24643422
24643424 24643426
24643428 24643430
24643432 24643434
24643436 24643438
24643440 24643442
24643444 24643446
24643448 24643450
24643452 24643454
24643456 24643458
24643460 24643462
24643464 24643466
24643468 24643470
24643472 24643474
24643476 24643478
24643480 24643482
24643484 24643486
24643488 24643490
24643492 24643494
24643496 24643498
24643500 24643502
24643504 24643506
24643508 24643510
24643512 24643514
24643516 24643518
24643520 24643522
24643524 24643526
24643528 24643530
24643532 24643534
24643536 24643538
24643540 24643542
24643544 24643546
24643548 24643550
24643552 24643554
24643556 24643558
24643560 24643562
24643564 24643566
24643568 24643570
24643572 24643574
24643576 24643578
24643580 24643582
24643584 24643586
24643588 24643590
24643592 24643594
24643596 24643598
24643600 24643602
24643604 24643606
24643608 24643610
24643612 24643614
24643616 24643618
24643620 24643622
24643624 24643626
24643628 24643630
24643632 24643634
24643636 24643638
24643640 24643642
24643644 24643646
24643648 24643650
24643652 24643654
24643656 24643658
24643660 24643662
24643664 24643666
24643668 24643670
24643672 24643674
24643676 24643678
24643680 24643682
24643684 24643686
24643688 24643690
24643692 24643694
24643696 24643698
24643700 24643702
24643704 24643706
24643708 24643710
24643712 24643714
24643716 24643718
24643720 24643722
24643724 24643726
24643728 24643730
24643732 24643734
24643736 24643738
24643740 24643742
24643744 24643746
24643748 24643750
24643752 24643754
24643756 24643758
24643760 24643762
24643764 24643766
24643768 24643770
24643772 24643774
24643776 24643778
24643780 24643782
24643784 24643786
24643788 24643790
24643792 24643794
24643796 24643798
24643800 24643802
24643804 24643806
24643808 24643810
24643812 24643814
24643816 24643818
24643820 24643822
24643824 24643826
24643828 24643830
24643832 24643834
24643836 24643838
24643840 24643842
24643844 24643846
24643848 24643850
24643852 24643854
