1000000010000000100000001000000010000000100000001000000010000000
1000000010000000100000001000000001111111011111111000000010000000
1000000001111111011111111000000010000000011111111000000010000000
0111111110000000011111111000000010000000011111110111111110000000
1000000001111111011111111000000010000000100000001000000010000000
0111111101111111011111111000000001111111011111110111111110000000
1000000010000000011111111000000001111111100000001000000010000000
1000000001111111011111111000000010000000100000001000000010000000
1000000010000000100000001000000001111111100000001000000010000000
1000000001111111011111111000000001111111011111111000000010000000
1000000001111111100000001000000001111111011111111000000010000000
0111111101111111011111111000000010000000011111111000000010000000
1000000001111111100000001000000001111111100000000111111110000000
0111111110000000100000001000000001111111011111111000000010000000
0111111101111111100000001000000010000000011111111000000010000000
1000000001111111100000001000000010000000011111111000000010000000
0111111101111111100000001000000010000000011111110111111110000000
1000000010000000100000001000000001111111100000001000000010000000
0111111101111111011111111000000010000000011111110111111110000000
0111111101111111011111111000000010000000100000000111111110000000
0111111101111111011111111000000010000000011111110111111110000000
0111111110000000011111111000000001111111011111110111111110000000
0111111101111111011111111000000001111111100000000111111110000000
1000000010000000011111111000000010000000100000001000000010000000
0111111110000000100000001000000001111111100000000111111110000000
1000000001111111011111111000000001111111100000001000000010000000
0111111110000000100000001000000001111111011111110111111110000000
0111111101111111011111111000000010000000011111111000000010000000
0111111110000000100000001000000001111111011111111000000010000000
0111111101111111100000001000000001111111100000001000000010000000
1000000010000000100000001000000010000000100000000111111110000000
1000000001111111100000001000000010000000100000001000000010000000
1000000001111111011111111000000010000000011111110111111110000000
1000000010000000100000001000000010000000100000001000000010000000
