0000000011111111000000001111111111111111111111110110010001000000
1111111111111111000000001111111100000000111111110110010001000000
0000000011111111111111111111111111111111111111110110010001000000
1111111111111111111111111111111100000000000000000110010001000000
1111111111111111000000000000000000000000111111110110010001000000
1111111111111111000000001111111100000000000000000110010001000000
0000000000000000111111110000000011111111111111110110010001000000
1111111111111111111111111111111100000000111111110110010001000000
1111111111111111000000000000000011111111000000000110010001000000
0000000000000000000000000000000000000000111111110110010001000000
0000000011111111111111111111111111111111000000000110010001000000
1111111111111111111111111111111100000000000000000110010001000000
1111111100000000111111110000000011111111000000000110010001000000
0000000011111111000000000000000000000000000000000110010001000000
1111111111111111000000001111111100000000000000000110010001000000
1111111111111111111111110000000000000000111111110110010001000000
0000000011111111000000000000000011111111000000000110010001000000
0000000011111111000000001111111100000000000000000110010001000000
1111111100000000111111111111111100000000000000000110010001000000
1111111111111111000000001111111111111111111111110110010001000000
1111111100000000111111110000000011111111111111110110010001000000
0000000000000000111111111111111111111111111111110110010001000000
0000000000000000000000000000000000000000000000000110010001000000
1111111100000000111111111111111111111111000000000110010001000000
1111111111111111111111110000000000000000000000000110010001000000
0000000000000000111111111111111111111111111111110110010001000000
0000000011111111000000001111111100000000000000000110010001000000
1111111111111111000000000000000000000000000000000110010001000000
0000000011111111000000000000000000000000000000000110010001000000
0000000000000000000000001111111111111111111111110110010001000000
1111111111111111111111110000000000000000111111110110010001000000
1111111100000000111111110000000011111111111111110110010001000000
0000000000000000000000001111111100000000000000000110010001000000
0000000000000000000000001111111111111111111111111110010001000000
