0000000000000000000000010000000000000000000000000000000100000000
0000000010111010000000001010111000000000101110100000000010101110
0000000011111111111111111111000000000000111111111111111111110000
0000000010100010111111110011101100000000101000101111111100111011
1111111111011111111111110000001111111111110111111111111100000011
1111111100110000111111110110101111111111001100001111111101101011
1111111100000101000000000011000111111111000001010000000000110001
1111111101111001000000001101100111111111011110010000000011011001
0000000001000010000000001111011100000000010000100000000011110111
0000000011100001000000000111100000000000111000010000000001111000
0000000011110010111111111010111000000000111100101111111110101110
0000000001101001111111110001011100000000011010011111111100010111
1111111110011111111111110001010011111111100111111111111100010100
1111111100010001111111111010011011111111000100011111111110100110
1111111100011011000000000111000111111111000110110000000001110001
1111111110110110000000001111010011111111101101100000000011110100
0000000001111111000000001101110100000000011111110000000011011101
0000000011111001000000000011101000000000111110010000000000111010
0000000011010100111111110111001000000000110101001111111101110010
0000000000101001111111110000010000000000001010011111111100000100
1111111101100101111111110011010111111111011001011111111100110101
1111111100000010111111111110011111111111000000101111111111100111
1111111101000000000000001010100011111111010000000000000010101000
1111111111111000000000001111111111111111111110000000000011111111
0000000010110101000000001011010100000000101101010000000010110101
0000000011111111111111111111100000000000111111111111111111111000
0000000010101000111111110100000000000000101010001111111101000000
1111111111100111111111110000001011111111111001111111111100000010
1111111100110101111111110110010111111111001101011111111101100101
1111111100000100000000000010100111111111000001000000000000101001
1111111101110010000000001101010011111111011100100000000011010100
0000000000111010000000001111100100000000001110100000000011111001
0000000011011101000000001000000000000000110111010000000010000000
0000000011110100111111111011011000000000111101001111111110110110
0000000001110001111111110001101100000000011100011111111100011011
1111111110100110111111110001000111111111101001101111111100010001
1111111100010100111111111001111111111111000101001111111110011111
1111111100010111000000000110100111111111000101110000000001101001
1111111110101110000000001111001011111111101011100000000011110010
0000000001111000000000001110000100000000011110000000000011100001
0000000011110111000000000100001000000000111101110000000001000010
0000000011011001111111110111100100000000110110011111111101111001
0000000000110001111111110000010100000000001100011111111100000101
1111111101101011111111110011000011111111011010111111111100110000
1111111100000011111111111101111111111111000000111111111111011111
1111111100111011000000001010001011111111001110110000000010100010
1111111111110000000000001111111111111111111100000000000011111111
0000000010101110000000001011101000000000101011100000000010111010
0000000100000000000000000000000000000001000000000000000000000000
0000000010101110111111110100011000000000101011101111111101000110
1111111111110000111111110000000111111111111100001111111100000001
1111111100111011111111110101111011111111001110111111111101011110
1111111100000011000000000010000111111111000000110000000000100001
1111111101101011000000001101000011111111011010110000000011010000
0000000000110001000000001111101100000000001100010000000011111011
0000000011011001000000001000011100000000110110010000000010000111
0000000011110111111111111011111000000000111101111111111110111110
0000000001111000111111110001111100000000011110001111111100011111
1111111110101110111111110000111011111111101011101111111100001110
1111111100010111111111111001011111111111000101111111111110010111
1111111100010100000000000110000111111111000101000000000001100001
1111111110100110000000001110111111111111101001100000000011101111
0000000001110001000000001110010100000000011100010000000011100101
0000000011110100000000000100101000000000111101000000000001001010
0000000011011101111111111000000100000000110111011111111110000001
0000000000111010111111110000011100000000001110101111111100000111
1111111101110010111111110010110011111111011100101111111100101100
1111111100000100111111111101011111111111000001001111111111010111
1111111100110101000000001001101111111111001101010000000010011011
1111111111100111000000001111111011111111111001110000000011111110
0000000010101000000000001100000000000000101010000000000011000000
0000000011111111000000000000100000000000111111110000000000001000
0000000010110101111111110100101100000000101101011111111101001011
1111111111111000111111110000000111111111111110001111111100000001
1111111101000000111111110101100011111111010000001111111101011000
1111111100000010000000000001100111111111000000100000000000011001
1111111101100101000000001100101111111111011001010000000011001011
0000000000101001000000001111110000000000001010010000000011111100
0000000011010100000000001000111000000000110101000000000010001110
0000000011111001111111111100011000000000111110011111111111000110
0000000010000000111111110010001100000000100000001111111100100011
1111111110110110111111110000110011111111101101101111111100001100
1111111100011011111111111000111111111111000110111111111110001111
1111111100010001000000000101101011111111000100010000000001011010
1111111110011111000000001110110011111111100111110000000011101100
0000000001101001000000001110100100000000011010010000000011101001
0000000011110010000000000101001000000000111100100000000001010010
0000000011100001111111111000100000000000111000011111111110001000
0000000001000010111111110000100100000000010000101111111100001001
1111111101111001111111110010011111111111011110011111111100100111
1111111100000101111111111100111111111111000001011111111111001111
1111111100110000000000001001010111111111001100000000000010010101
1111111111011111000000001111110111111111110111110000000011111101
0000000010100010000000001100010100000000101000100000000011000101
0000000011111111000000000001000000000000111111110000000000010000
0000000010111010111111110101001000000000101110101111111101010010
0000000000000000111111110000000000000000000000001111111100000000
1111111101000110111111110101001011111111010001101111111101010010
1111111100000001000000000001000011111111000000010000000000010000
1111111101011110000000001100010111111111010111100000000011000101
